A*
100 100
29 87
12
5
55 54
10 10
6 93
12 18
11 0
-2  29  -7   3  14  50 -29 -31 -48  11 -42  21 -43  -9  14 -24 -25 -19  -8 -43   2 -20 -32  10  33 -36 -18  47  36  25   9 -22  38 -36  35  21  -2   4 -35  13 -47  17  12   4 -13 -39  19  15 -19 -43 -35  19 -46 -50   3 -27   7  43 -18  40 -17 -39  26  46 -20  40 -11  30 -24  10  -2  -2 -12   6  -5  36 -12  13 -38  45  30 -38 -10  41 -16 -44  43 -10  10 -47 -23  30  10 -42  46 -28 -26  -3  43  22
20 -24 -37 -24  -1 -45  28 -10   4 -25  30 -11  17  22  -5 -49  32 -46  34 -19  13  10  -5  35  26  17 -19  26  19 -19  12  49 -49  21  39   8   5  28  34 -28 -11  42  11 -40 -47  36 -11 -37 -34 -40 -48   2  26  -3  16   2 -34  45  47   8  -4  21  24 -38  17  29 -23  31  17  49  -6   9 -42 -19 -17 -33   6 -23  32  15  27 -10 -16 -48  19  23 -11  50  37  -1  14  -5 -40  13  -4  49 -17  26   8 -43
10 -23  43 -28  20 -49  46  16 -17  36  23  17  -3   9  18 -43  -6   4  32  12 -36  13  23  31   6  44 -36 -32 -38 -29  11  -3  15  42 -15  27  12 -15  28  -9 -10  -9 -30 -37  -1  21 -13   8  22  -5 -30  44  22  20  -6  37 -18 -42   2  14 -49 -11 -45  15   0  15 -11  29  23  38 -20 -29 -35  37 -43 -36  -2  39 -20 -27  29  -8  -7 -38  19  20  -1  29 -30 -16   0  16  31 -28 -18 -45 -14 -35  34 -45
19 -17 -10  12   5 -12 -35  14 -28   4  -8  10 -14  10  48 -23  20  -1 -22 -22  -6  -4  21  -1  13  30  -3  -4  41  36  -8 -16  12 -13 -20  50  28  20  11  -4 -11  12 -21  26 -27  13 -32  48  -5  23 -13   2 -38  -3 -13 -17  19 -26 -49  13  -7 -44  32  16 -44  -3 -42 -13  34  15 -34 -30  48 -28  22 -44  38  45  22  -9 -29  32  -5 -14 -45 -12  41 -36 -49 -19  37 -44   6  14  47  36 -22   6 -41   2
-7 -29  -7   9   8 -24 -44  -6  28  -1  11 -47 -37  -3 -41 -46  33  -1 -12  12  35 -21  25 -46  11 -46  46  50  43  40 -42 -41 -41 -18 -34  -7 -48  46  37  24 -25 -32 -29  48  -5 -14  29 -43 -49  12  15  46  27  -2  46  -4 -39 -41   6  22  17 -19  31   5  14 -10  16  45 -15  -3 -50  19 -18  -9  49 -41  40  43 -50  42 -31 -44  33 -35  23   6  13  12  41  13 -32 -11  28  34   9 -29  40 -37 -31 -14
-38  27  46 -16 -49  42  48 -29 -37 -50  41   9  -4  -8 -24  36  34 -33 -29   0  13 -38 -12  -1  -4 -12  46  12 -41   6 -20  40 -43 -28  25  41 -47  -4  -5 -11  49  11  49  35 -45   4  37  15  11 -49  -1  38  -9 -32  30  38 -43   6  -8 -23  -3  46  26   0 -40   4 -33  24  -9  15 -18 -34  35  48   4  -6   0  42  29  27  16  -3   6  -6 -22  43  24  -3   5  10 -48  36  -1 -22  36  47 -41  50 -20 -37
10 -30   0   9  32 -29  15  30  24 -40 -37  26   8  15 -48   4  -3  45  43  33  25  39 -16 -32  -2 -37  29  20 -50 -12   3 -42   2  29 -31  -7 -11 -30   8 -12   2   8  18  32  18  43  35   8 -37  24 -20  32  20  33  37  25 -41  -2  -5  30  15 -46  -9   9  -4  42   6   3  34  39 -41 -50  11  26  18  49  47  37 -45  17  23 -32   7 -22  22 -41  14   7  33  16  35   5  -9  14 -50   3  38 -39 -10 -40
-30  35 -23 -44   2 -15 -13  39  30 -30   3  41  13  -2 -39 -28  27  -6   6  18   8  39 -19 -47 -27  44 -41  -9 -40 -13 -40 -48  25 -26  22 -31  10 -14  10  14  15  10 -17 -17 -13  28  -7 -19   2  -7 -42 -14 -24  20 -20 -38   4   7 -10  17 -32 -50 -50 -16  25  14  34  38  -7 -23 -33  27   4  42  34 -38  48 -48   4 -33  11  19   2   4 -21  31 -26 -49 -29 -46  49  -5 -48 -21  36 -20 -26  28 -12  32
32  32 -49 -40  50  -8  37 -33  34  13 -24  13 -19  10  21  -2 -19 -29  30   0  45  36  10  36 -48  12 -30  26 -32  -8  41   9  47 -33 -48  45  28  20 -22  36  36  20 -24  -1  24  17 -22  -8  12  46  35 -42 -49  40 -42  41 -39  31 -41  19 -31 -40  -2  45 -10  19  39 -40  14  25   5 -40   1   0 -50   7  33  13 -33  -8   5  14 -26  23  -6 -36 -28  24  25  31  18  45  30   1 -32 -32 -24  -7 -29 -12
41 -45   7 -30  14 -48  24   6 -39 -10  33  -6 -43 -44 -36 -27 -35   9  29 -33 -22  41  24  26 -35 -10  43  33  44  31  41  31  44   2   1 -11 -10  39 -20 -33 -45  45 -38 -14  23  14 -23 -48  32  -7 -37  -8 -45   0  -9  17  50  14  -8  45  -8 -28  46 -27   4  41 -12  13  21  28  47  15  24  21   2  -9 -32  25  -2  -4 -28  35  25 -29  -4 -41 -46  -7  18 -23 -20 -19  47 -21  28 -38  26 -32   7  30
23  39  27   5  28  48 -11 -35 -45  24 -34  50  22  28 -38 -43  -9 -22  49 -26  35 -25  32  14  22 -17 -14  23  38 -30  17 -40  15 -45  32  11   2 -38   5 -41  37 -16  11  18   3  35 -11  50  16  34 -22 -22  -6 -39  17  15 -29 -48  17  -2  21 -26 -31  50 -37  23  -8 -50  43  13  41  31  10 -46  44  41  11   4  12   2 -20  -9  21  45  21 -48  -2 -33  50 -24 -32 -41  23  32  -4 -41 -38 -25  48  -8
-27  24  47 -47  37  25  50 -50  47  -9  17 -11  28 -29  44 -11  47  39 -37  10   1 -26  -8  28  35 -12  31  25  39 -21 -50 -47  -6  -4  25 -44   4 -34  29  19   4  38  -6 -20 -20 -46 -45  32  25 -28 -28  46  27  10 -27   4 -35  12  15   7   8 -31  30  14 -22  48 -38  45  20  34   7 -27  13 -48 -49   1  -7 -42  -3 -24  13 -26 -21  22 -36  40 -10 -13 -30  37 -32  44  43 -24  28   6 -28  32   7   9
-38  41  48 -28  47  42 -19  20 -29   6  24  35 -37  38 -32  48  -1   2 -45  21 -40  -1  13  42 -10   9   3 -47  30 -49   9  29  46 -17 -50  25 -28 -14  31  -6  -3 -19  10 -39 -33 -19 -43  18  13  31  38 -48  10   8  -7  48  20  13  19 -11  -5  40  19  44 -43  13   9  35  -6 -19 -33 -38 -35  35 -16 -18 -14 -48  15 -35 -28  35  18 -47   8   3 -46  46  -3  47   7  -3  -4  29 -34 -22 -50 -41  25  30
0  36  35   3 -33   3 -46  -3  22  22  43  -9  -9  44 -48  17 -43 -12 -50 -10  39 -37 -23 -14  27 -16 -35  32  22 -30  19  25  13 -24  -5   6  16  40 -37   3 -12 -18  33 -11 -48 -24 -20 -32   5  11  19  -2  36  -4 -28 -19  45  29  23 -35 -46  44  25  32  23  37 -19 -23 -18  -8 -50 -30  17  31  35   4  36 -50   5  11  11 -45  32 -17 -20  31   0 -45  47 -43  45  43  37 -43  23  30  11  44   6   1
20  45  50 -41 -27 -45 -22   0 -42  35  43  31 -39 -12  12  29  38  31 -49 -44 -39   6  25  41  34 -43   7   4 -18  -5  35 -49 -27 -47  32  45   6   1  39   5  32 -43  27  13  10  40   7  24 -38  29 -24   6 -24  -5 -27  -1  16 -19 -49   2  32  50 -24 -18   7  -1   3 -48  26  46 -34   6  -3  43  -1  14 -14  20   9  15  32  40  15  10  21 -19  33  38  38 -15 -26 -22  11  -3 -41  -9 -48   5  19 -34
-5  -7  47  -6  31 -39  -9 -13  19 -31  -6 -14 -20  22 -16   0 -19 -11  10  35 -23   3  22 -10  18 -46 -26  26  45  24 -45  -6  38 -49  30  28  22  40  28  15  38   8 -34   9 -30 -45  14 -16   8   7 -14 -15  27 -40 -33 -37  42  33 -49 -43  40  -8  -8 -49 -15  23 -49  -3 -49  17   3  42 -24  33  -7  35 -47  29 -27  -2  19  41  -1  34   9  22 -50  11 -16  41  49 -13   0 -40  49  48  18 -12 -24  19
-12  30  13 -17  45   3  -2 -32  -5  45 -16 -31 -43 -20  13 -16 -27  -8 -46 -10  11  -7  23  -4  24  43   5 -23 -33 -20 -25  -4  35  39 -36 -25 -37  11  32  26  29  -3  12   5  -7  28 -23   9  32  25  20 -18   8   2  42 -24  17 -50 -32  16   2   5  30 -30  10 -30  -3 -38 -39  -9  36 -40 -39  -9 -36  19  31  41 -29 -27  33 -48 -49   4  24  20  47  20  21 -32   2   4 -41 -24  18 -23 -46  42  19 -38
27  -1 -46   9 -33 -46  36  21 -21 -47 -25 -18 -44  20  -6 -35  -7 -13  19 -40   2 -15 -25  14 -35 -25  43  40 -27  31 -17  13 -13 -21  42 -16   6 -40  29  -3  32  31  22 -30 -25  24  -5 -43  31 -39  -2 -12 -29  17  10  31  -5  47  13  22  -6  35 -50 -27  50  -5 -43 -34 -29 -19 -37  47  -2  -6  13 -19  45 -13  -7   4 -36 -44 -47 -29  20  24 -44 -33  33  48 -19 -13  14  26  47  -7  28  -3  33   8
-48 -12  36 -28 -23  20 -42   4  46 -49  -2 -27  -2 -37  45  40 -10 -11 -46  28 -35 -30  -7  -3 -30 -41 -31  38 -23  48  17 -42 -24   7  26  39  39 -38  33   0   3 -14  34 -42  27   0  38 -42 -34 -46  15 -28 -28 -22 -34 -35  14  40  -2 -13  13 -40  35  27  -3 -43 -42  45  34   8  41  42  48 -48  10  14  17  34 -36 -26   4 -44 -45  -2  10 -28 -49  28 -44  22 -33  14 -33 -19   6 -36 -39  13   7 -13
7   0   8  49  12  44  16  49 -19  11 -38   3  32 -40  -3  25   8  -1  26 -28 -50  38   6 -12  38  -9 -16  38  14  -3  42 -27  46 -34  30  22   2  42 -42 -45  -6 -33  -4 -20  27  23  19  24  -2  21  47   3  -1  17 -29   3 -38 -42  39  13  39   9  -2  33  47   1  -7  17 -33 -45  -2 -38 -12  -1 -50  33 -12  -4  34 -39  20  -8   9  44  37  -1 -35 -16  24  30  10  38  35  -9  29   9 -49 -15  50  -7
24  29  13 -19  27 -28  -8 -46  -5  -8 -40 -45  23  39  28  19  25 -28  13  36  40  46 -27  13 -29   2 -25  36  27  26 -20  26  21  33 -23 -46  47 -21 -20  30 -40 -21 -10 -40 -35 -40  12 -37 -27 -26  -7 -28  -3  -3  14  42 -24  37  34  32 -37   5  21  41  13  40  49 -15   2  26 -35  44  26 -32  39  -6  -2 -42  27 -18 -41  29  33 -39  -5   3  23  29  48  -9   4  45   8 -37  20  47 -23 -18  -6  20
-1 -12  -5 -10 -16 -39 -32  12  47 -25 -19 -37 -29  11 -22 -48 -38 -30  -3  50  29  14 -31  25 -37 -17  25  48  -4  20 -37  49  13  -8  47 -34  22   4 -21  23  20  24  35 -50 -42  23  39 -16  -2 -36 -44  20  45  29 -16 -16  43  26  25  12  40 -26  22  20  -1 -50 -16   8  11  44 -38  26 -47 -34 -18  44 -47 -39 -33  14   6  37  45 -28 -21 -10 -16  -7  32  33  -6 -14  35 -36  15  34  -1 -21 -36  37
-28 -31  46   2  28  34 -26  -2  28 -27 -18  46  49 -42  23  29 -20 -19 -47  41 -30  17  49  50  35  39  12  28  23  11  28 -28  20 -14  -8 -31  16  25 -21  31 -47  44  -1  20  44  39 -20  26  45  -4 -44 -26 -14  43  26 -19  15 -25 -15  15 -13 -23 -10 -46 -28  27 -25 -32 -33 -44  29  35  -2 -26 -47   5  41   6 -48  37  13 -47 -25 -10  -6 -23 -39  34  27  29  26 -23   8  40   9  25  47  44 -13 -35
-21  46   8 -24  12 -26  15 -37  13 -40   4  40  -2 -42 -45 -28  12 -25  21 -18 -50  16   7 -26   9 -31 -36 -40 -18 -18  37 -19  28  42  50 -16  -1  -2  50 -36 -47 -21  36 -26  40  29   4   4  -3 -48 -20 -18  39  12  28  26 -24  50  46 -25   6  19  -4  16  43   6 -37   2  -7 -49 -48 -18  36  -9  42 -33  49  16  34  19  31 -41   5 -18  26  45 -22  45  34 -14  44 -44  38 -23  21 -35  20 -46  37  27
45 -19  42   7 -37  10  10  45 -14   6 -46 -33 -41 -46  24   7  40  29  11  -4  41 -47  31 -29  28 -19  10 -44  -2  -2 -16 -39 -50   7   7  -9  19 -18 -49  -8 -28  -3  40 -24  -1  12 -43   8  42 -14 -43  42  32 -29 -31 -33 -40  19 -11  20 -30  40  25   0   6  -8   9  -9 -41 -43  -2   4   6  32   8 -15  27 -32  32  22  45  22  33  -8  18 -40 -30 -25  30  20  29  14 -45 -49  30  21  35 -48  24 -35
9  45  23  50 -13   0 -12 -17 -32  37  14  17  -7 -21  35 -36 -26 -18  27   2 -37 -42  33  36 -28 -22  20 -46  16   2  22  44  12  -6   2  47 -48  35 -16 -48  40  29  46 -44  20  35  25 -12   9 -39  49  47  26  31  37 -20  -9  15  18 -29  -5 -19  32 -14   1 -42  17  43   7  42  28 -25 -33  29 -22   2 -21  49   3 -22  41  12 -23  49  36  16 -33 -46  38 -17  26  13  14 -15 -37  -6  45  19 -30 -34
-1 -11  39  40  40  45  18  34   2  27 -25  31 -25 -36 -21  14  -3  39  38  33  32 -25 -50 -19 -25   6  19  -8  47 -12  40   8 -31  14   3  35  -5 -45 -49  -6 -32  17  21 -27 -39 -20  40  31 -40  -4  10 -19 -28  43  18 -28  -5 -35 -13 -41  45  -8  38 -28  -3  48 -36 -37 -46 -31   6 -27  17  -4  10  25 -39 -48   6   1 -25  45 -44 -27   8 -41  44  25  -8  21   4   7 -42  39 -22  33   0   3 -49 -50
9 -38  39  -4  22 -16  27 -50  22 -23   3 -39 -14  41  22  -4 -19 -13 -26  -1  -9   1 -31 -34  22 -46  15 -30 -31  -6  12  29  -1  17   8  19 -34  32  40   4  23  15  37 -24 -25 -17 -43  30 -48  27   2  45  -2   3  47 -15 -10   8 -43 -14  49 -17   6 -39 -18 -40 -14  -3 -25  -7  37 -11  10  -3  19 -12  15 -20 -43  36 -48  12  40  21  19  35  26 -49  -3  22 -30   5 -16 -12  11  -6   3  43  -9  27
8   1  45  16 -42 -14 -34 -50   5 -49 -25 -32  45  13 -10  48  21  19  28 -38  30  17  49 -10 -10  46  33  38  35  -1  -5   2 -30 -25 -14  16  37  33  30  46 -26  15 -44 -34  44 -37  48 -32   5 -31 -11 -44  -9 -14  -7  17 -15  16   6  22  41 -26  40 -35  18  45 -31 -22  18 -49  -8  27  -1  46  14 -49 -31  -7  43 -22 -34 -46  21 -15  30  11  18 -20  13  42 -48  45 -43  16  43 -38  46 -45  43 -38
38  10 -38 -41 -42  -4 -41 -36  31  22 -13 -27 -13  22 -27   1 -32  25 -36 -10  24 -34 -39  -9 -23  49   4 -31  21 -19  45  -5 -40  36 -41 -44   3  30  40  36  -6 -46   6   4 -23 -12 -24 -28  15  42   8  -8  43 -50  43 -23  -8  42 -13 -29  44 -27  -6  23 -21 -24  33  30  25  37  45  -3  44  44  24 -41  -9 -41   8  12 -30 -31  23  47 -44  26  11   0  38 -23  -6  39  -1  21 -34 -28  38  29   1  47
-20 -50   1 -47  21  41  29  -3  28 -37   7 -48   6  29 -28 -31  40  19 -21  -3  33  31 -33  39 -42  46  -5 -44 -46   5  22  48 -40  11  39  10   0  32   0 -36  -1 -19 -21   8 -24  33  15 -41  -8   3  15 -47  -2 -15  11 -27 -33  18 -38 -29 -14 -38 -23  25 -21 -44   4 -40  -5 -29 -25 -24  19  45  35  25  39 -27 -20  -7  -9  34  14  45   6  18  10 -32  25  47 -17 -49  22 -44 -45 -43   5  -7  40  -1
22  21  -1  17  44 -44  50 -11  12  15 -29 -47 -39 -49  12   8  37  26 -38  37 -46 -48  18  28 -12 -33 -26 -48 -12  11  44 -12  -1  46 -50 -18 -18  15 -21  24 -21 -37 -14   3  35  41 -15  21  -2  40 -24 -49  12 -30  48  -8 -50  26  46 -39  10 -44  19 -45  -2 -24 -33  22  -5 -25 -18  28 -34 -41 -37   9 -50 -23  19 -16  45 -25  21 -49  27  20  37  18  45   7 -12  29  27 -19  42 -16  50  -2 -15  40
-48  35 -25   2  40 -19  26  50  20  28 -38  26 -33 -40  46  19 -49  35  36 -35 -17   6 -47 -42  13   6  26 -20  17 -11  31  12  -6 -16  25  -9  43  -7  28  -8  24 -18 -48  -7  14  42 -16 -30 -42 -41  34  10  50 -37  -3  44 -27  26   6 -47  39 -47  46   4  21 -31  40  10  37  11  -6 -44  40 -31  49 -44   5  30   9  -8  -6 -42 -34 -33 -47   7  -2  46  37  38  -4 -25   0  46  48  33 -28  19  11 -29
42 -41  16 -36  26  50  17  33 -30  21  -5   8   9  37  29  42  25 -17 -35  -6 -26 -20 -24  44  -1  -8  12  -1 -19 -38  27  50  32 -29 -25   1   1  44  27 -50  20   8 -32  34  49  50 -46 -17 -32   8  20 -48  49  49 -29  -6   9  -1  13 -24 -15 -35 -12  27  19 -15  19  35 -42  39  32 -43  45 -36  31  -6 -27 -18   0  13   3 -43  45  31  43 -13 -32  16  17  12 -16  13  13  39 -20   0  24   7  28 -27
48 -48 -17  45  11  45  16 -12 -32  47  36 -31  12 -47  -1  36   6  22  37  21  -3  27  11  38  39  -5 -48   3  26  46  34  18  24   8 -29 -49  -5  -2  34 -47 -40 -35 -37 -45  19 -32  14 -27 -26  10  -9 -15 -11 -19 -18 -26 -34 -42 -18  10  10 -45  36  28 -31 -26   2   7  50  -1  46   8 -41 -25 -41 -12 -21  11 -19  -9  22 -45  50  48   1 -43  41  34 -36  22 -24 -16  46   6 -18 -11   6  35  13   9
23  37  -3  43  13 -13  26 -36   4  21 -45 -11 -27   9 -23  21 -12   0  12 -24  33  28  19  49  50   0 -15 -13  19 -16  28 -24  16   7 -19 -48 -44   6 -50 -19   8  21 -14 -25  -8  48 -42   2 -40 -41  13 -47  22  25  36 -10  14  23 -27  30  13 -35 -17 -29 -43  36  25 -43 -14  -3  50  30  50  -7 -14   2 -49  -1  19 -27   1 -17 -29  29  50  13  18 -43 -42  22  14  42  20  35  40 -23  39 -24 -27 -44
22  13 -49 -30 -16  24 -35 -26  43 -44 -23 -27 -32   3  30 -44  44   2 -14  47 -12  23  40  -8  34 -47  -4   8  45  -8  30  41  33   3  11  15 -31  15 -24 -24  -4  15  10  -6 -13  13   6 -33 -23 -29 -38  -8 -11  14  22 -47   4  -9  -7   7 -20 -38  32 -50 -13  13  47  31 -16  31 -47  34  10 -30  -4  -6  15 -33  30  46   9  12   3  43  44   9  -8  -5 -27   4  21   9   1  15 -49  32 -11  34 -41 -37
20  24   6  37 -38   5  -4  40   5  48  27  48   0  13 -10 -25 -31  14  28 -16 -37  -5 -30 -22  18  17   8  42 -31  26  -5   6 -28  19  -4  28   0  24  38  45  14 -20 -46  49   6 -29 -24 -41   4  22 -48 -12 -28 -47  12  22  30 -50  44 -35 -20 -22 -46 -38 -45  49 -31 -48  -3  39  22 -32 -39   6  -1 -46  43 -43  14 -40 -48 -35  10  42  37   5 -36 -23 -33  40 -28 -16  -3 -34 -32  15   1  -8  14  29
-43  25  30  -9  18  14 -50 -49  13  -1 -48 -25  41  -7  32  44 -32  28 -24  40  28  22  13  -6  -8  15  29  38  47   5  30  38 -17  47 -16 -19  26  36  -7 -25  42  28   9  26 -20  34 -21 -12   5  10  48 -36 -15   0 -49 -32  -2  11 -11  15   0 -18  -7  18  31  25  15 -17 -47   2  -4  25  33  19 -16  18 -20 -47  21 -14 -29 -41 -34  21  30  15  33  -6  11  33  38 -28 -12 -16  10  22  46 -32 -40  20
-18 -40  32  49  21  -3 -14 -41  -6 -16   5  12  30 -26 -25 -10  -5 -29 -12 -19 -18   5   8  36  48 -49 -27  46  31 -12 -36 -34  13 -41 -39 -18   6  44 -24 -22   8  -4  -2  15  10  33  50  28  12  -8  43   2  -2  41  47  49 -49  46 -39  35 -31  13  17  14  12 -24  15  -8 -12 -34 -25 -45  13 -50 -42  -7 -31 -34 -45 -29 -12  12 -13  35  16  17 -31 -41 -33  11   1  -6  36  21 -36 -25  23  -4  44  16
-43   1 -23 -49 -14  -2 -35  10 -34 -42   2 -28  -1 -26 -37 -15 -19  32   0 -23  22  -5  41  16 -22 -41   8 -36  50 -50 -17 -23  39  31  12   3  -2  12  25  32  -3  41   9  24 -12 -20  27  -3  26   8  23  43  41  41   3 -44 -40   4  37 -30 -13  34 -19 -20 -18  43  46 -21  32 -13  25 -44  34   4 -11  -2 -34  11 -23  34 -13 -46  -3 -13  -7 -40   7  16  43 -35 -47 -29  -1  12  16 -35  13  45 -10   2
43  -8  19  45  14 -10  -1  29  44  -1  40 -21  16 -25  19  33  34 -25 -35  19 -16  38 -41  40  47 -17 -38   1 -39 -42 -47  13  13   2 -46 -29 -42  16 -22  49 -44   2  30  20  45  -4 -42 -21  46  34  27  -2 -24  18 -29 -31  34  21 -32  12 -35  25  24  -6 -18  46  19 -46 -11 -43   0 -15  17  23 -45  38 -20 -34 -22 -40  -3  19  36  12  23 -32  43  34  49 -33  25  22 -50  34 -13 -23 -19  27  50 -29
-37   5  25  -2 -15 -48 -23  39  46 -33  25 -45 -38 -11 -50  40  28 -22  -9  29  -3 -30  27  17   8  21 -32 -20  50  37 -37 -41  49 -24 -39   8 -39  48 -14  15  45  10 -20 -33  12  49  50 -15 -50  12  49 -34 -43  23 -12 -36 -46 -46 -24   1   9  -8  46 -11  37 -21 -25  43 -17  -7   9  32  47 -30   9   4 -26 -29 -45 -47  10  20 -29  20  32  12 -25  16  41  11 -35  43 -44 -42 -48 -29 -44   7  31  11
13  31  41  39 -10  13 -49  -4 -46 -27  13  23  16  -7  36  27 -16 -45   8  28  19  44  39 -31  -1  48 -43  34 -30 -22  -9 -16  49 -16   2  35   9 -50  26 -12  13  20 -25   8  27  27 -46  23 -45 -23 -26  49  15  49 -46 -48 -46   1 -37 -27  45 -27  31  34  49   7   5  50 -47  39 -16  20 -35 -29 -49  24  24 -16   1 -20  23  42  19 -33  40 -50  42 -17 -47 -31 -16 -42   3  26  22 -11 -19   8   7 -36
8  28  35 -47 -36  26 -37  25 -31  -2 -14  42 -20  13 -32  25  26  19 -11 -21 -40 -24 -21 -21 -20   1 -41 -13   4  35  29  15 -21 -17 -49   6  50  42  38  24  46   5  34  27  49   4 -29 -13   2  -9   0  -7 -40 -50  35  -2  18  17  15 -27  -3  12   9 -49  32 -15  46 -14 -23  23 -16  45  30   1 -30  11  13 -39  -8 -33 -21  40  40  -8  -9 -26 -27  33  10 -33 -13 -49  -9  -8  48 -30 -20 -48  16 -23
-4  29  24 -48 -44  43  39  15  -7  10 -42 -38  22   2  -4 -17  -6  48  17  23  42 -20 -50  25  -7  25 -43 -41   7  38  45  47  22 -46 -42  -4  10   7  47  -4 -24 -33 -25   6 -13 -28 -11 -39 -14 -30 -19   7  13 -22   5  14  20 -44  39  43  14  49   5 -46 -17  45  -5  23  37  16   8 -32 -35  30 -26  42   2 -16 -18  30  16  24  40 -15  39 -32  -7 -36 -25 -39  42  -4 -17 -14 -32 -31 -19  39 -47   7
-3 -49 -20   7 -48 -50  34 -25  -3 -39  -5  10  38 -25   0  -7 -15  48  18  43   5  -2  16 -35  46 -11  36 -41  25  38  37 -36   7  37 -23  15  32 -19 -36  24 -24 -19  38  30 -21   1   7 -16  -4 -19  15  13 -26 -21   9 -10  23 -31 -31 -36 -42 -29   3  -6  17 -36  40 -20 -29  35   2  14  46 -29  -7  12 -33 -33  33  -7  -7  42   7 -23   6 -45   2 -40 -38 -45   4 -11 -16 -35  29 -48 -30  25 -29 -38
0 -21 -27 -23  49   0  11  11 -36  29 -14 -28 -34 -44  38  16  10 -22  32 -14  -1 -29  30  41 -20  42  31 -50   9  -9 -33  43  21  17   5  -9  -9   8  12 -45 -18  29  -8 -37   1  -3 -46  35 -50  34 -39  -9 -35 -40  -2  36  17   3  -3 -27  -1 -41  36 -27  40 -32   4   9 -12  34 -49  33  12 -34  14  27 -38   0  37  -3  28 -48  22 -50 -12 -30 -44  50  16  18   9 -30   2 -18  27 -13  24  45 -44 -20
-14  40  12 -30 -17  -4 -30 -38 -33  19  42  -8  29 -19  12  24 -31 -29  -1 -21 -10  -5 -34 -33 -46  30 -49   2 -13 -46 -12 -18  46  41 -44   2  32 -24  47 -11 -41  11 -15 -12 -44   6  16 -17 -17 -18 -37   4  49  47  -2 -39  -3  16  -3  18  -5  -4 -46   0 -29 -40  33  25  42  38   1 -42  -4  14   0  38   1  49  13 -10  14  17  33 -46 -16 -46 -19  26 -42 -37  -3 -18   5  49  11 -31  26 -34  39 -19
-46  14  41 -15 -34  39   4   3  33 -45  -1 -27 -12 -27  30  15  22  20  49  36 -34  11  41   3  40 -38 -45  23 -34  26 -18   9  -1  -2 -26  49 -37  34   2 -15   6  15  29   5 -28  28  37  25  23  41 -32  21 -27 -13 -38 -43 -33 -34 -16  -9  22  19  32 -16  -8  27  33  44  26  42  12  16 -17   0 -11  18  18 -43 -27 -25   4   2  47 -50  21  35  34 -24   0  14 -45  17  45  42 -22   8  -9  38 -39 -30
-16 -21 -35 -32 -36 -16 -19  16   0  -9  37 -20  13  46   7 -27  18 -26  -6 -37 -24 -33  15  12  19 -17  19  45  13 -15 -49 -24 -44  20 -38 -28 -41  23 -42 -14 -26  13 -36 -15 -10  33  34 -17   0  34  10  33  42  31  30   6   6 -45 -28  49 -45  48  18 -36 -33  37  -9   3   4 -10 -25  10  33  18 -39 -40 -41 -46 -16 -42  33 -43 -43  -8 -37  -5 -44  -2  49 -34  -3  43 -50 -27   8  35   1  16 -26   7
39  22  48 -39 -14  44 -22 -46  -6   5 -12 -24 -19 -40  30 -23  -8  14 -10  23  50   3  50 -29  43  22  12  23  45  -8  46 -33   9  -2  42  32 -20  30   3 -50  11  13  -2   0 -21   3 -41   8 -16 -20  21  44  -6  28  -1  26  -6  23  -9  34  40  48  24  16 -23  14  16  -4   9 -22  29 -32 -12   7 -48  -1   1 -16 -35 -20 -28  38   7 -27 -49   4  15  -2  -5  27  13  36  44   0  28  19  -8  -9  36  32
-20 -39  -7  41 -36  -8 -21 -29 -19 -11  17  -5  39  21   5  22  15   4 -47  14  10  28  12  -3 -48 -46  22  41   8  -2   0 -28 -26 -38 -46 -19  10  20  10  46 -12 -13  17 -14  29  39 -36  43  20   9  44 -28  11  -6  -5  26 -31  -6  -5   1  39 -39  37  39  23 -46  -7 -36   4 -32  29   0  -1  27   3   7  26  37 -13 -17 -21 -40 -14  32  -4 -42 -46   4  46  39 -30 -34  12   8 -21 -11   2  29  50 -37
-24  12  14 -21 -18 -44 -29 -33 -42 -33  15  43  -9  14  26 -15 -14 -39  17 -16  47  -2 -46  29  44  44  29  21 -41 -18 -20 -14 -45 -28 -25  15 -34 -12   1 -33 -32  24  24  -6 -47 -29  26 -11  32 -11 -41  15 -14 -36  -3  -7 -32   3 -32 -18  36  34 -44  39  19   7 -19   0  13  16 -32  10 -20   7  47 -25 -29   8  11 -23   0  18 -40 -43 -15  49 -33  48 -39  43 -16 -46  30  -2  15   5 -46 -22 -30  28
47  35  26 -41 -33 -33 -10 -45  36  21  -8 -10  33   3  17 -50 -30  45   2  38 -26 -14  34 -47  36  13   4  17  17  46 -30  10 -35 -10  -9  23   3  37  -4 -42 -49   1  26 -13 -31 -32 -21 -15  40 -19   4  28 -21  24 -50  35  37  48  10  21  21 -47 -33  47  -2 -43  23  23 -32 -16 -45   3 -17 -27 -23 -36  -9  11  25 -38  -2  27 -10 -31  31  25  -4  -8 -47   8 -46   8   7  -1  22 -13  36  43  32 -12
-39 -10  36 -45  -9 -34 -19  32  20 -39 -12  39 -32   7  16  14  45 -26  28 -35  38 -22   3 -31  41  20 -27  21  38 -21 -42 -20  34 -17  45 -42  20 -12  32 -48 -23  15  37  19 -31  -6  -6 -30 -40   8   9 -48  31  -6  20   8 -37   2  50  46  29 -48  32 -33 -30  -7  11  30  26   1 -12   4 -13 -38  38 -43 -18  10 -20   9  -4  45 -22  -5  -4 -12  45  -3 -36   1 -11  26   6 -25 -37  28  28  13 -17  15
13 -23 -19  -2  18 -36   1 -42 -21 -38 -46  19  -3  33 -40 -41 -43 -46  23 -10 -47  45   7  25 -39 -23 -24   5  36 -13  41  23  -6  37 -33  45  -8 -12  22  -6 -12  39 -40 -33  47  -8 -38 -28 -28  45 -25 -28  19  39 -16  -4  22  25  35  15 -47   1 -34  -9  47  27  16 -24  39   1  -8 -29 -19  28  16   8  44  33  -3 -40  50 -18  39  12  42 -21  50  31 -32  -6   3 -12  18  29  36  -2 -35   1  -2  32
8  42 -11 -19 -19 -21 -17 -10  22  47  43  41  15  35   6  12  16  15  49 -17 -15  15   3  -2 -34  -2   4  27  -2 -27  26 -49  16  23 -40  26 -38  23  48  36  10  10  39  21 -47  40 -45 -11  23   6  39  40  -5  12 -14  34   0  32  47   5  26 -17 -30 -20  16  19 -29  30  34  13 -36  25  15  25  11  49 -46  28  33  48  50  17  43  41 -21 -36  15 -31 -38  37 -32   4 -19 -10  34  -9  17  11  34  15
-35 -13  -7 -28 -36 -19  -7 -26 -14   4 -43 -26  21 -17  25  40  44  38  38 -30 -43 -45 -50 -28  -8  11  29  42  31 -20 -13  25 -25  11  46  33   3 -14  17  46 -26   1 -24 -47 -17 -40  43   3  44 -47 -18  18 -39 -37 -40 -48 -26  31 -36 -23  38  -9  18  37   5  42  21   9  32  -8 -14   2  26 -17 -36  35  28 -45 -26 -12  41 -20  21  45   4  -1 -22  46 -35 -41  33 -45  -8  44  42   7 -42  -7  24 -21
-10 -25  -3 -38  22  40  27  -3  29 -47  37   6  35 -16  37  46 -14   0  18   7  11  38 -33 -17  38  21  30  44   3  35 -16 -14  18 -16   0  23  13 -10   5  37   5 -45 -47 -13  39  -2  29  -9  30  47  18  -2  31  38 -27  14  -2 -37 -31  35  30  47  14 -41  16   7   5  36  13 -31 -36 -12 -23 -25 -27 -17   1 -22  22  15 -17   6   8 -16  30 -17   6 -26 -35  43 -19 -21 -19  16  18  50  40 -21 -13 -12
22  25  33  24  27   9 -15  -5  50  -3   5  34 -17 -35  -5 -36 -10 -50   1  31  32 -28  14  24  27   3  39 -40 -42   4  25  49   7  11 -45  -5  -4 -46  13  18  18  34  42  34 -43  39   5  11 -35  33  22  -2  17  18  10 -36 -15   1  32  34 -11  -9  33   8  30   8  42  15   5 -16 -48  35 -35  25   0  -9  47  26   8 -50 -49 -11  36  36 -43 -41  31 -20  41 -16  -9  19   5  29  41  40 -12  33   4 -17
4  37  13  14 -16 -17 -41 -28  41 -30 -10  38 -45 -50 -34 -23  35 -16 -25 -33 -25  12  -1 -44  48  46  17  27 -43 -29  28 -43   7  46  29  42 -30  17 -17  29   3 -21 -21  16 -13  46  -7  43  15   4 -28 -21   7  15 -47   5   8  19  45 -11   8  31  29 -40 -34 -42   5  35  38 -11  46 -27  32   8  42 -47  40  39 -20 -21  14 -37 -46  12 -37  11 -47  14   3  50  50  45  19  -7 -43 -50  42 -36 -43  25
2  35  -3  25  14 -14  20 -33  31  11  22  42 -14 -10  34 -36  38  -3  -2   0 -31 -46 -26  14 -47  43 -47  10   3 -30 -35  -4  46  23 -16 -30  19 -42  43  41  12 -13  32  28  39 -10 -11  37 -22  13  16  38  21 -49  -1  31  27  -9  35 -10 -47  21  20  36  11  30  29 -37  46   1  33  11   1   4  49  -4 -11  31  -5 -22  -4 -47 -16 -24  27  22 -47 -43 -47  -6  43 -37 -46 -47   7  27  43  -3 -49 -47
9 -50  -9  43  49  12  32  27  10 -37 -29  -2  -2  42 -47  17  18 -24  16  21 -44  29  13  11 -15  17  18  23  50  -5 -26 -37 -46   0  31  28  48 -46  45  15  26  31  25  23  34 -44 -39  -4 -42 -38   6  -5  28   9  36 -45  40  15  -4 -40 -14  -9 -24 -25 -19   1  -6 -16  -6   8  14   6  19 -30  35 -17  46   5  43  39  38 -13  43 -16  24  27  44 -10 -24  47  15   5  29  45  23  27  35  41   9 -22
-39 -28  22 -41  18  16  13   7 -39 -10  10  37  -8  15  13 -42 -26  43  45  34  46  24   3 -42  -1 -16  26  43 -27 -31 -35  17  43  -4 -45 -32   1  38 -35  23  38  34 -33 -24  28   5  -5 -22  46  -8  22   5 -22  41  49  15  25  -8  50  18  38 -15 -14 -17  37  48 -13  35  -6 -49 -14 -38 -15  36 -32  -3 -40 -23  10 -26 -18  29  19  25  50  19  -2 -20  25   3   9 -27 -44 -44 -21   1   3  16  36  27
34 -47   6  26  29  47  40 -27  11  42  13  34  50  33 -35 -22  -2 -30 -22 -19  11 -35   9  21  37 -43  23  -4 -48  17  22  16  30  43  26  36 -28 -32  22   3  -9  41 -41 -47  -6  32 -20   3 -37  20  48 -49  35 -15   9  -3  29 -35 -26  -7  28 -46 -21   8 -48  -7   1  43 -14 -22 -41 -50   4  29 -32   5   1  37  31 -12 -36   9  45  -1  16 -45  48 -49 -20  -4 -37 -33 -21   8   5 -44  20   0  48 -48
11 -11  47 -36 -18  39   4 -21 -18  40  26  12  20  10  15  37   0 -41 -47 -25  33  29 -36 -44 -13   4   1 -43 -39  33  11 -11 -42   9  47  26  13   6  -4   8 -22 -22  22  21  47 -49  -6   2 -11  29 -31  50 -13  -1  41  46  10  36   5 -25 -25   3 -20  -9 -34 -44 -23 -44 -23 -26  22  48   5 -35  37  32  38 -23  44  45 -20  23   5  45   8  34  -3  35  -3 -22   1  30   9 -38  30  48  36 -18  -1  47
48 -20 -32 -35  29 -37  26 -20 -49  -5  41  -4  49 -27  27 -30  23  14 -26  -7  20   1   1  43 -14 -15   0 -42  15 -26  11  -7  41 -17   1  20  18  -4 -16   8 -22 -19  45  -9 -27  48 -15 -47  44 -29 -32  29  30 -12  45  48 -49 -17 -36 -28  16 -39  37  24 -30  27 -43  18  32 -31  50 -44  -7 -34   9  -8 -49 -29 -30  42   6  35 -43 -20  29  -4  42   3 -23  22  12 -29 -28  16 -37  14   7  -9   9  43
-42 -20  31  19 -16  38   8   4  39  40  30  -9  24  12 -41 -15   2  44 -46 -11  14  47 -10 -46  34  43 -43   3 -27  31  26 -14   4 -28  46   0  12 -49 -10  38 -10  -6 -17 -42  25 -29 -49   0  10  12  48  37  48  46 -50 -10  29 -39 -30  -8  28  40  32  -9 -40  33 -24  -8 -14  24   3 -22  21 -41  39 -14  42   4  -7   4  44  50  39  10  24 -29  14  -5  17  -7 -48 -15 -28  10  24  29 -49 -19  24 -40
-14 -13 -11 -21  37  41 -12 -14 -36 -16 -48 -37   3 -47 -48   0  28  19  -4 -47  38  15  41 -44  -2   6   9  34 -13 -20 -46  31 -36  47  42   5 -36  -8 -18  36 -20  20  -5   9  46  -1  -8 -23  29 -12   0  31  39  39  42  -6  -1 -46 -11  -9 -29 -47 -26 -14 -39  -9  47 -17  38 -30  -9  -7 -40 -29 -50  26  17 -38  14 -47  40 -49  33 -30 -34 -12  23  35 -35 -40 -41  47  37  42 -38  21  46  46  41   4
7 -44  20  27 -50 -35  46  32  45 -30  36 -27   1  -1 -31  27  38 -48   8 -40  50  27 -39 -19  21  -5   7 -37  27 -44  33  35  44  -6  16  26 -15 -43   5  40 -27  -8  13  50  48 -41  -1  24  -7 -35   4  48  38   0  41  32  40   7 -28  38  42  13 -43  -7  -3  34 -10  50  24 -21 -37  10  42  -1 -37  -9  17  -2 -28 -25  -5 -10   2  35  44   0  17  18   6 -38  36 -49 -47 -36   6  39 -18  45 -17  27
-26 -11 -16  -8 -28  29  42  46 -43  17 -15 -46 -37   9 -44  27   9 -14  22   1  -8 -16 -42   0  37  43 -13  47 -27  19  -3 -11 -26 -17  -1 -49  46   2  11  -7   4  39  47 -22 -42   2 -37  48 -48   1  12 -31 -44  45  12 -30  45 -33  -2  11 -45  11  23  39  10 -24  13  45  -3 -11 -15  38   3   9  -5  -8  21   0  -9 -18   6 -17 -47 -35 -18  42  21 -46 -24  23  36 -45  24  47 -42   7  45 -15 -24  24
38  26  40  19 -49  20  26 -31 -15 -50 -20  45  41   1 -39  40 -22 -20  -5 -28  18  -8   8  40  10   7  48  43  44  47  33  45  10 -43 -45  50   9 -23   4  47 -37 -28  -8   1 -33 -45 -47  -5  38  23  27 -17 -12 -41  23 -30   9 -30 -39  12 -48   4 -49  34  31  -5   1 -14  38 -10  -1  38 -35   9  28 -20  11  32  -7 -12  13 -38  23   0 -22  50 -25  29  19  14 -27   8 -26  -1  -9  37  28 -27 -39  -9
-8 -28 -43   7 -36 -15 -38 -27  45  19   7  20 -42 -10  31  37 -46  23 -22 -48   4  39 -17 -49 -15   2  -4 -34  -4  28  25  20  23  35 -12  43  20  25 -14 -16 -19   9  -7  38 -20 -24   5  46 -30 -29  18 -30  -8  21 -33  39   0  15   4 -48  35  36  13  24  13   6  -6 -24 -13  43   4  28  37  22  49  23  35 -10  50   8   7 -16  40  34  10  19  -1 -27  15 -46 -43 -30  18 -22  25  48  18 -48  32  -5
-43  27  10  50 -18 -16  39  43  12  -7 -14 -34  31 -11  -4 -45  37 -46 -44  14  10  28 -32  -7  44 -42 -39  19 -40  29  15 -15  -2   9  35  50 -24 -12  -1  -7  34  14 -45 -38 -35   0  -9  -2  49 -24  30  30 -44  -1  43   9  48 -22  39 -26  17 -37  49 -13  39  27 -45   7 -32   5 -27  43   2 -15  26 -27  28 -29  -7  49 -19  36  34  25 -30 -38 -10  28 -30 -48  21  32  45  32  27 -37  16 -44 -42  10
16 -26 -35  15  18 -40  47 -16  48  33 -46  -6 -11  19 -17 -26   3  44   5  38 -16   9 -39  19 -12   6  31  24  47  -5  -7 -28 -35 -20  29  38  36 -39  49 -28 -32  37 -10  -7  -2  49 -23  26 -25  20  40  24  13  21  32  -8 -37 -45 -28  14   8  -6  21 -14  38  43  32 -23 -48  24  45  33 -31 -18   8 -24  26  39 -26 -44  10 -17 -46  -6 -20  11  -3 -10 -30  37  45  29 -40  19 -21  33 -12  29  16  42
-21  48  42  25  22   3 -23   1  46  16  -1 -35 -15 -30 -33  49  27 -41 -46  14  33  -2  11  47  38 -47  14  32  32   6 -36  17   7  -1  36  13  16  36  13   8   7  -4 -35  -8  17 -24  35  28  42 -16 -50 -38  45 -36  38  40  14  18 -17   0   9  22 -20 -23  -5 -42 -38  28  31 -22  18   4 -36 -36  49  45  11  39 -14 -30  37  -6 -12  31  25  -2  38  19  10 -45 -42  46 -48 -32  38  14  36  -4   3 -48
-27 -36 -33 -22  38 -36  -6  15 -13  48  34   0 -44 -37  31 -42 -48 -22 -47   6  32  40  -9   1  11  29 -34  27   6  -4 -25   7   5   8 -10  48 -15  -3  35  20  40  44  -4  44  44  43   0  33 -45  10 -25  38  -3  15  19  27 -12 -30   1  -1 -46  -6 -34  27 -18 -26  30 -32  45 -30  13 -39   0 -35  48 -50   7  22  29  21 -44 -12 -44  18 -47  47  -5   9  32 -14   2  44 -16   0 -47  40  17  32  26 -26
39 -36 -43   8  23   1 -36  27 -41  10  16  34  28  22 -50 -23  29  30  48  19 -37  -2   4   4  20   0 -22   2   4  20  14 -40 -25 -25   5  34  22 -27 -42  36  39  16  36  27  31   6 -30  -3  41  33 -28 -43 -30 -21 -44  26  27  29   4 -30  33  43  18   3 -15  49  19  13  -6  -5 -17   9  50  11   3  -7  21  -1 -15   6  26  21  17  19 -33  -3 -46  18 -12   8   5  46  39 -17 -29  26  35 -17  40   6
50 -15  11 -17  16 -50  18 -44  19 -30 -33  38  40   9  20  34 -39 -49  -4 -11 -38 -16  27  29 -39  -1 -48   0  27 -10 -18 -48 -49  32  43  43 -41  35  47  40 -44 -47  31  -9 -31  18 -12  26 -11   8  47  27  28   6 -41  21  -7 -35  -8  19  -6  42  39  50 -41 -14 -47 -38 -41  -7  30   0 -24  18 -12   0 -48 -47  45  31 -18  16  15 -50 -32   5 -36   8 -48  13 -22  34 -20  11   3 -35 -22 -34  11 -19
-17   3  31  11  -7  38  34  42  44 -10 -13 -23  12   9   3  -2 -27  50 -42  41 -47  35  17 -30 -15  12  -6  31  -2 -38 -17  -2  29  30 -17 -43   1 -12  10 -24  23 -35  -7  -9  -2  37   0 -20 -38  26 -49 -10 -36   0 -23 -20 -31   8  35  39   8 -25  35 -12  32  49  30 -42  43  21  22  36 -39  -6 -22  -1 -11  -2 -15  42 -50  48  36 -11  35 -24  26   8 -43 -28 -39  11   2 -45 -21  25  16  42  30   4
-23 -38   7  49  32 -35  13  12 -13  13 -48  49 -13  43  13 -13  34  -4  14 -24   7   5 -42  23 -29  48   8  45 -10 -45  -2  -7  34 -39   3 -29  35  37 -27 -38 -37 -18  41  28  -1  18 -23 -13  18  -5 -16  48  32 -43 -25  -8 -10   0  34  -6   1  -5  -3 -43 -34  49  36 -33   4  25 -27 -46 -39  30 -24 -37 -25 -49 -26  18 -34 -42 -45 -36  30   5 -50 -46  42  15  42  29 -19   0  28 -40 -28  27  25 -22
-44 -29  33  18   0  12 -32 -15 -31  12  31  -4   2  50  22 -42  27 -18  34 -36  22  37 -36  46 -20  19  20   7  50 -38  16   7  -9  31  -3 -38  16  16  20 -49 -15 -42   4 -44  41 -35  -8 -28   3  49 -11 -11  20  38  21 -25  11  34  -9  38  27  -1  32 -15   7  39  43 -32 -40  -1 -40  32 -46  11  46  29 -23  -9 -48 -25  19 -40  44  43  41 -13  45  26  32 -48  16   9  23 -19  -3 -43  37 -34   1  -9
9 -23   7   2 -49  44  31 -48 -39  47 -10  17  11  -1 -38 -14  -2  31  40 -27 -22 -23 -20 -11  -2  22 -50 -41  -8  26 -47 -31 -46   3 -37   7 -14  30 -44  20   9  -9  43   9 -47  27   8 -46  11 -46  49  -8  34 -27  15  38 -37 -14 -33   9 -15  48  25 -37  25 -34   8 -38   0  -4 -39 -49   9  45 -20 -24   2  32 -21 -12   6 -24  43 -13  13   1 -32  49  17 -10  22 -32  26  32 -12 -24 -14 -20  26  39
-7 -26  31  23   4 -14  28  50 -43   3  -5  17  46 -37 -12   9 -36 -31 -26  28  45 -39  24 -10  49  46  30 -35  -4  22   8 -14 -33  -6 -11  -3 -39  31 -34  14 -42  26  24  39 -48  24  39  38 -48  44  36  -7  28  17 -50 -19  28  -3  -4 -41 -20   3   3 -37  38 -49  25  31   1   8 -46  18  26 -13 -45 -40  46 -16  35 -10  27  33 -38 -24 -43   3  19 -48  35  -9  11  35  -4 -48 -13 -10  -3 -10  33  -4
47 -15  42  22  42 -12  31 -29 -32  46  43  23 -23 -20 -38 -39 -27   3  25 -25  33 -50  23  29 -42 -38 -29  -6  21 -48  -7 -17 -26 -14  18 -15  28  -8 -20 -21 -18 -48  18  26  33 -13  48  36 -13  34  42  17   4  30 -48   3  42 -37  18 -35 -42 -36  20  42 -31  25  36   6 -20  44 -40 -11 -30 -27  40  46 -32  40 -42 -26  45  22 -46 -48 -27  23  12  44 -10 -46 -25 -31  17  23 -11   5  -6 -29 -22 -13
-47 -13 -40 -33 -37 -17  40  40   5  19  14  37  27 -44  49  34  -8  35  24  -4  35 -35 -23  10 -23 -39  18 -22  19 -29  22 -43  18 -43   4  41  20 -12 -41  17  12  17  34  18   4 -14   2  18   3 -33 -22 -16  -9  26  -9  40  14   4 -19 -14 -47  -7  11  26 -22  27 -27  20 -46  48 -46  -2   2  -3   6  -3  28  46 -36  23 -33 -19  43   9 -49  40  35 -50 -14  16  26  -3  10 -30 -25  29  38  14 -39   2
-8 -23  -7  50  23 -20  11  -6  13  -3 -15 -14   3  29 -47  10  17 -43 -23 -32  48 -28 -25  18 -40 -27 -32   6 -39  48   2 -43   2 -45   9   3  22 -25  38  26  28 -44 -18 -24  29 -20 -30   4  36  -1  14 -49 -24 -10   7 -23   5 -20 -48   3  47   7   0 -45 -50   4  45 -21 -28  16 -11  -7  41  45 -36  29  46  46 -49  37  35 -11  41  35  -8 -34  50 -47  32   7  23 -18  18  -5 -22 -44   1   7 -35 -26
2 -44 -43  10 -20 -43 -36  -2  41 -27  16   2  12 -29 -21  11   7 -41  17 -50 -12  42  41 -17  -6  34 -35 -17   6  13   8 -22 -44  30  29 -18 -42  -1   1   0 -28  -4 -12 -11 -22 -44 -15 -31  24 -18  48 -38  46 -19 -39  14   3 -35  13 -39 -31  16 -23  43  13  42  46  49 -41 -38 -33 -30   6 -12  32 -20  -3 -37  25  26  27  38 -45  42 -43 -31  50 -24 -14 -15  15  -9  34 -12 -11   3   6  13 -40 -18
8  22 -50   3   9 -43 -41 -21   0  35   3  16 -15 -17   3   5 -41  25  -7 -33 -48 -42 -50 -13  33 -31  -6   3 -48  38 -24  17   1  -9  -3  42   2   2  -6  -6 -31  32  50  -5 -31 -25  29   6  47  25  33 -43  29   3 -10  -9  -1  29 -39 -48  24  -5  15 -14 -42  20  -5 -19  -2  -2  13   7  -9  17 -37 -47 -15 -41 -34  24  22 -29  -2  41 -12 -47 -23  14 -43  10  10  50 -28 -47  42  41 -25  -5  32  43
-10  37  49 -12  12  -7   1  -1  40  41  24  11   3 -24 -46   8  -6 -16 -35  -8   2  46  35 -20 -19 -50  41 -23 -35   6  16  25 -23  42  33  35 -11  41 -42 -49  42 -21  -4  -9  15 -24  39 -37   8  11  21  34 -42 -17 -43  21  36 -45  13   5 -44  32  48 -43  34 -47 -34 -50 -16  31 -50   5  -1  16 -49  47  27 -43  36   0   8 -47  42 -31 -43  43 -50 -11 -39  -7 -24  -5 -41 -33  -8  48  13  39 -42 -15
-3 -33  11   9  -7  39 -14  10  -9  39 -29  12 -36  -6 -43   3 -10  17  -4   0  14 -23   0  48 -36  47  10  41 -42 -28  23  14 -16  -3 -41  42 -35  14   3   9  15  42 -34 -29 -45  -6  -7  32  30  -6  31  -7  26  10  33   6 -43 -27 -26  38  33 -43  13  29 -11 -38  20  19  -4  -9   6  49   5   6  29  43   8 -45  42  14  10 -26  40 -15  22 -21  19  37 -47 -47 -43  16 -48 -19  25  47  -8 -11  48  15
-48 -15  -3  29  -2 -10 -13   6  26 -29 -36  41  31 -19  26   6 -15   9  49   1 -36  -1 -39 -35  27   1 -21  19  36  -3  41  31  -9 -33 -24  42  32  28 -21  42 -15  49  10 -40  -7 -23  19  30  35  -9 -43 -32 -26  13  20  24  30 -15   0 -18  45  43 -38  26  11  18   2  35   1  32   2  23 -28 -29 -42 -20 -25  25 -18   2  12  22 -42  49 -24  24 -13  48 -17  40 -11 -20 -35 -25   1 -30  -2  41 -34  -4
-38  39  50  28 -34 -42  16  49 -42  28  15  37 -37 -45   1  -1   3  20 -50 -22  38  -8  39 -13  33  -8  -4  20  36 -17   5 -36 -46  -4  14   2 -21  -9   9 -33  12  18 -18  11  -8 -31 -32  -8  12 -18  10 -39   7 -10 -14 -12  23  21 -22 -45  39 -39 -49 -50  47  32 -29 -40 -24  49  25  -9 -23  39 -10   1  27  28 -27 -43  28  11  40  16   8  -4  35  -4  39  24  10 -30 -15  -7  38   4  10 -28   8 -36
-21 -21   2 -33   2  49 -46  37 -29   5  17 -10  46  43  -6 -29  34  33 -35 -17   2  18 -31 -49  23  -4  -6 -14  39  40 -47 -41  46   1  41 -25  23  32  46 -48   7  -9  16 -14 -32 -42   7  45  34   2  15 -21  -3  -2 -33   9  49   0   2 -17  14   4   2  36 -45  28 -25  -7 -11 -39  -8 -14  13  35  49 -11 -25 -24  37 -39  50 -13  22   6 -24   8  40  39 -22  -9   1 -38  -8   4  11  46  22 -39  42   3
-37  14 -22 -39   3 -26  15  25  -4 -33  -8  31 -27  -5 -30  49  29 -14  30  16 -24  41  12 -35  40  11 -31 -29 -22  22  48 -11   8  37 -45  32 -38 -14  42 -46  19  12  25 -16 -46  40 -25  27   3  16  -4 -20  -4   3 -29  -1 -45  21 -37   0 -20   4  13 -18  -8  46  19  33  25 -15 -23 -17  10  50 -35   9   3 -11 -29  -4  17  16 -42 -16 -10  -6  11 -49  17  35  -9  19  41  18 -38  -6 -30  -1  25  -7
-29  20 -40 -50 -30  44 -40  26  49  21  -4 -33 -25 -41 -43  23  20  -3  -1 -48  -9  32 -32  38 -13  16  -6 -36 -36  20  41  -9  13 -32  47  -5  46   5 -20  12 -12 -32  43   0 -20 -34   1  17   9 -22 -43  35   2 -28   2 -37 -20  -6  18  -7 -35 -42  47  24 -16 -49   7  27  10   2  50  26  32  50 -37 -44 -13 -48  18  47  13  50 -16  13 -27 -27   2 -13 -21  50  41 -44   5 -20  50  29 -18   7   7  45
-28  42 -10 -25   0 -33  15  17 -38  44 -30 -36  15 -15  15  23  12  15  21  17  19  36  11 -23 -31 -46  -5 -37 -33  42  -8  49   0  38  -9  21 -27   8 -30 -42 -26  -2 -45  24  34 -26 -44  -5 -25 -27  47 -20 -48  11 -42  32 -49 -13 -10  14  31 -33  41   0  -8  38  34 -18 -23  -5   8  -9  37   5  24  12 -46  45 -25 -22   8  20 -12 -27  28   9  19  27  -4 -20  28 -40  26 -32 -46 -48  -9 -30 -40 -15
-49   8  50  16 -18 -13  39  31  21 -28  19  17  38  35 -46  42  50 -30  -4   6  36  29  50   8  30  44  47  18  33  -7  45  37  43  29 -39  21 -20 -25  21 -13 -12 -21  28   8  22 -32  37 -37   7  26 -46  19 -39 -23  49  26 -27  44  -3  -9  26 -47 -28 -40  46   2  18 -26  48 -45  47  20  47   3 -29  -4 -49  29  41  46 -36  46 -48  42  24  43 -25  -7 -29 -28  35   4   6  37 -26  39   7 -37 -29 -11
47 -34  33  35  -7 -30 -12  15  45 -42 -45   5  -9 -37  27   3  -2 -29 -50  19  48 -42  50   1  12  19 -14  15  -3  -3  39 -44 -29 -45 -46 -29  24  30 -48 -35  -2 -22  45 -19 -34  46  -8  47  44 -34  17  30 -16  31 -22  -8 -11  14   6  29  -9 -48 -25 -31 -50  11 -46  16  37  -4  36 -38 -42 -39  25 -34  -4  22  43  48 -32 -40 -42 -26  -1  19  28  46  -6  46 -36 -48 -22  45  41 -14  36 -21 -47  33